0 12 45 88 19 33 71 94 105 16 201 118 42 66 150
12 0 59 23 44 130 19 82 11 90 47 163 17 210 38
45 59 0 144 87 22 13 180 55 102 61 77 129 14 199
88 23 144 0 111 63 92 25 156 18 39 205 11 49 133
19 44 87 111 0 170 34 58 122 73 85 9 191 106 21
33 130 22 63 170 0 155 41 81 127 19 62 108 142 5
71 19 13 92 34 155 0 200 46 83 114 27 151 79 31
94 82 180 25 58 41 200 0 137 68 10 148 53 175 121
105 11 55 156 122 81 46 137 0 188 74 116 29 161 97
16 90 102 18 73 127 83 68 188 0 159 43 113 24 168
201 47 61 39 85 19 114 10 74 159 0 220 56 131 89
118 163 77 205 9 62 27 148 116 43 220 0 181 72 145
42 17 129 11 191 108 151 53 29 113 56 181 0 209 117
66 210 14 49 106 142 79 175 161 24 131 72 209 0 185
150 38 199 133 21 5 31 121 97 168 89 145 117 185 0