0 41 73 58 96 12 84 37 65 29 88 53 19 77 46 91 34 62 15 80
41 0 66 92 27 85 14 59 73 38 95 21 68 44 90 33 57 18 82 60
73 66 0 31 88 52 97 16 63 84 25 79 42 91 58 13 67 39 86 54
58 92 31 0 74 46 89 22 60 95 37 81 14 68 53 90 29 76 41 83
96 27 88 74 0 61 45 93 18 67 82 39 56 12 75 90 33 64 21 85
12 85 52 46 61 0 78 34 99 25 63 88 41 70 16 94 57 29 83 47
84 14 97 89 45 78 0 62 36 91 27 58 73 19 86 42 65 90 31 55
37 59 16 22 93 34 62 0 81 47 90 18 66 73 29 85 41 97 54 60
65 73 63 60 18 99 36 81 0 44 72 95 28 83 57 14 90 39 67 21
29 38 84 95 67 25 91 47 44 0 76 63 88 19 52 81 34 70 45 92
88 95 25 37 82 63 27 90 72 76 0 58 93 41 66 18 85 29 77 53
53 21 79 81 39 88 58 18 95 63 58 0 74 92 36 67 44 83 15 90
19 68 42 14 56 41 73 66 28 88 93 74 0 59 82 37 96 21 65 48
77 44 91 68 12 70 19 73 83 19 41 92 59 0 87 66 25 54 90 38
46 90 58 53 75 16 86 29 57 52 66 36 82 87 0 94 18 61 73 45
91 33 13 90 90 94 42 85 14 81 18 67 37 66 94 0 72 59 88 27
34 57 67 29 33 57 65 41 90 34 85 44 96 25 18 72 0 63 81 56
62 18 39 76 64 29 90 97 39 70 29 83 21 54 61 59 63 0 48 85
15 82 86 41 21 83 31 54 67 45 77 15 65 90 73 88 81 48 0 66
80 60 54 83 85 47 55 60 21 92 53 90 48 38 45 27 56 85 66 0